0,352
0,351
0,350
0,348
0,347
0,9
0,345
6,4
0,342
12,3
12,0
7,3
7,0
9,3
9,0
10,3
10,0
11,1
11,3
11,0
15,3
15,0
16,3
16,0
5,3
5,0
19,3
19,0
20,1
20,3
20,0
21,3
21,0
22,1
22,3
22,0
23,1
23,3
23,0
18,1
18,3
18,0
17,1
17,3
17,0
6,1
6,3
6,0
8,1
8,3
8,0
13,1
13,3
13,0
0,304
0,303
14,1
14,3
0,12
0,11
0,10
14,0
0,1
0,8
0,321
0,320
0,319
0,300
0,299
0,298
0,297
0,296
0,295
0,294
0,293
0,292
0,291
0,290
0,289
0,288
0,287
0,286
0,285
0,284
0,283
0,282
0,281
0,280
0,279
0,278
0,414
0,277
0,413
0,276
0,412
0,275
0,411
0,274
0,410
0,273
0,409
0,272
0,407
0,271
0,406
0,270
0,405
0,269
0,403
0,268
0,402
0,267
0,404
0,266
0,401
0,265
0,400
0,264
0,399
0,263
0,398
0,262
0,397
0,261
0,396
0,260
0,395
0,259
0,394
0,258
0,390
0,257
0,389
0,256
0,388
0,255
0,387
0,254
0,372
0,253
0,386
0,252
0,251
0,250
0,249
0,248
0,247
0,246
0,245
0,244
0,242
0,241
0,240
0,239
0,238
0,237
0,236
0,235
0,234
0,233
0,232
0,231
0,230
0,229
0,228
0,227
0,226
0,225
0,224
0,223
0,222
0,221
0,220
0,219
0,218
0,217
0,216
0,215
0,214
0,213
0,212
0,211
0,210
0,209
0,208
0,207
0,206
0,205
0,204
0,203
0,202
0,201
0,200
0,199
0,198
0,197
0,196
0,195
0,194
0,193
0,192
0,63
0,62
0,61
0,60
0,59
0,58
0,57
0,56
0,55
0,50
0,313
0,49
0,312
0,48
0,311
0,47
0,46
0,45
0,6
0,54
0,318
0,53
0,317
0,52
33,2
0,316
0,51
0,315
33,3
2,3
1,3
32,3
32,4
33,1
33,0
32,2
21,1
19,1
16,1
15,1
12,1
10,1
9,1
7,1
5,1
4,3
4,1
4,0
0,408
